201001011734 2010/01/01 17:34:48 121.51 23.83  33 219  14 120   8  77  82 4.5  79.72  0.02177 -0.00062 -0.02115  0.00596  0.04803 -0.01044  7.4 121.63 23.78  33.7
201001041927 2010/01/04 19:27:37 121.83 24.19  48 306  82  16 214  73 172 4.8  83.66  0.04130  0.15446 -0.19575 -0.04444  0.02049  0.06169 30.8 121.83 24.18  46.1
201001082340 2010/01/08 23:40:25 120.57 22.62  26 247  73   1 156  88 163 3.8  66.63  0.00027 -0.00421  0.00394  0.00064 -0.00157  0.00390  7.3 120.58 22.61  34.2
201212021745 2012/12/02 17:45:37 121.56 23.97  16  57  58 115 194  39  54 4.7  74.22  0.09350 -0.02651 -0.06700  0.05217  0.01014 -0.07547 26.0 121.58 23.98  11.8
201011211231 2010/11/21 12:31:46 121.69 23.88  48   0  88  69 267  20 176 5.6  83.03  0.09445  0.04227 -0.13672  0.04239  2.67073 -0.98135  5.3 121.69 23.85  46.9
201006150031 2010/06/15 00:31:18 121.65 24.06  20  14  81  69 261  22 155 5.3  85.44  0.21626 -0.04469 -0.17157  0.25196  0.81630 -0.43553 36.4 121.62 24.04  16.7
201002120242 2010/02/12 02:42:38 121.15 23.88  20  53  15 109 214  74  84 4.7  68.43  0.06475 -0.03346 -0.03130 -0.05540 -0.08868 -0.02599 13.9 121.08 23.90  18.4
201003040816 2010/03/04 08:16:17 120.66 22.98  20 186  72 115 309  30  37 5.0  81.70  0.18667  0.02945 -0.21613 -0.07595 -0.24975  0.11771  0.5 120.63 22.96  19.0
201003080926 2010/03/08 09:26:23 120.57 23.43  14  76  35 172 172  85  54 4.5  82.42  0.00811  0.00277 -0.01088  0.01754 -0.04934 -0.03507 34.8 120.55 23.40  15.3
201003090552 2010/03/09 05:52:19 121.02 23.97  12 257  80 152 352  62  10 4.0  79.27  0.00112  0.00254 -0.00367 -0.00476  0.00071 -0.00822  9.7 121.00 23.96   6.7
201003180901 2010/03/18 09:01:37 121.92 24.47  30 138  42  64 350  52 111 4.2  73.48  0.01739 -0.00243 -0.01496  0.00348  0.00533  0.00783  3.0 121.96 24.39  31.0
201208172020 2012/08/17 20:20:03 121.51 23.39  26   9  25  70 211  65  99 4.8  83.17  0.14392 -0.00645 -0.13747 -0.07733 -0.10759 -0.05858 10.5 121.48 23.38  26.0
201008211848 2010/08/21 18:48:02 121.88 24.87  12  56  53 -41 174  57 224 4.7  67.44 -0.07041 -0.01977  0.09018 -0.02602  0.02063  0.06714 44.9 121.92 24.81   5.7
201004132049 2010/04/13 20:49:09 121.29 23.16  12  29  70  69 258  27 135 4.8  73.61  0.08124 -0.05670 -0.02454  0.05253  0.10130 -0.08282 32.6 121.30 23.15   9.2
201004230149 2010/04/23 01:49:49 122.37 24.60  78  69  34 147 187  71  59 4.4  68.16  0.02520 -0.01478 -0.01042  0.01308 -0.03472 -0.01785 63.3 122.33 24.60  85.0
201004251516 2010/04/25 15:16:49 122.28 25.00  10 299  36 -23  48  76 235 3.9  60.70 -0.00334  0.00683 -0.00349 -0.00426 -0.00464  0.00137 16.3 122.28 25.00  12.1
201105062131 2011/05/06 21:31:51 121.43 23.25  26   2  68  67 232  30 135 4.5  83.56  0.04134 -0.00697 -0.03437 -0.00975  0.04456 -0.02330 18.3 121.43 23.23  23.2
201007250352 2010/07/25 03:52:10 120.71 22.89  22  49  40 124 187  57  64 4.9  75.03  0.24371 -0.09359 -0.15012  0.09939 -0.12368 -0.06995 68.9 120.69 22.84  19.6
201203212344 2012/03/21 23:44:39 121.56 23.25  42 351  56  56 222  46 130 4.5  79.06  0.04297  0.00137 -0.04434 -0.02425  0.01658 -0.01643 28.2 121.59 23.25  42.5
201011081301 2010/11/08 13:01:22 120.43 23.25  16  30  27 100 198  63  84 4.6  81.79  0.06891 -0.01163 -0.05728 -0.01314 -0.04991 -0.02653  0.5 120.41 23.21  17.5
201006132111 2010/06/13 21:11:24 121.38 24.60  12 206  77   0 296  89 192 3.8  77.10  0.00101 -0.00426  0.00325  0.00115 -0.00010 -0.00275 42.0 121.35 24.60   8.8
201204190158 2012/04/19 01:58:09 121.69 24.15  30   3  87  74 264  15 170 5.1  88.72  0.02868  0.01438 -0.04306  0.04035  0.46974 -0.13267 14.2 121.67 24.13  29.1
201109090326 2011/09/09 03:27:00 120.93 22.31  12 178  70   3  87  87 160 4.4  67.63  0.00202  0.00192 -0.00393  0.01561 -0.00130 -0.04393  2.3 120.99 22.31  10.4
201402212025 2014/02/21 20:25:17 121.61 24.69  60 265  89 -82 357   7 182 4.9  81.21  0.00169  0.00201 -0.00370  0.21879  0.01920  0.02811  7.4 121.60 24.70  61.9
201007081943 2010/07/08 19:43:40 121.96 24.38  26 162  66 -73 305  28 236 5.0  75.09 -0.32074  0.14968  0.17106 -0.00288  0.28419 -0.11749 42.5 122.04 24.35  19.3
201007090041 2010/07/09 00:41:23 122.55 24.69  96 207  10  16 101  87 100 5.1  66.19 -0.02445 -0.13386  0.15831  0.40261 -0.04997 -0.01736 59.9 122.61 24.70 113.6
201008211638 2010/08/21 16:38:01 121.56 23.61  39  12  74  71 245  23 139 4.9  73.48  0.08872 -0.00316 -0.08557  0.04057  0.17182 -0.10093 36.4 121.59 23.58  40.2
201007270054 2010/07/27 00:54:54 122.42 25.14   8 279  21 -35  42  77 252 4.1  62.37 -0.00724  0.00884 -0.00160 -0.00990 -0.01243  0.00407  0.5 122.32 25.01  11.6
201007310813 2010/07/31 08:13:16 121.88 24.10  48 209  64 143 317  57  30 4.1  76.30  0.00634  0.00688 -0.01322 -0.00613 -0.00200  0.00242  7.0 121.76 24.07  46.4
201008300845 2010/08/30 08:45:10 122.19 24.96  10 216  17 -89  35  72 269 4.9  69.62 -0.14583  0.03737  0.10847 -0.13553 -0.18759  0.11044 28.1 122.21 24.95  15.0
201009112241 2010/09/11 22:41:08 121.69 24.42  60  55   5 -42 187  86 265 4.3  86.39 -0.00377  0.00068  0.00309  0.00370  0.02782  0.00246  0.4 121.76 24.39  59.7
