201009200317 2010/09/20 03:17:09 121.56 23.70  36  20  71  62 258  32 143 4.6  68.93  0.04821 -0.02847 -0.01973  0.01519  0.06490 -0.05228 19.0 121.62 23.68  36.2
201210251031 2012/10/25 10:31:20 120.43 22.49  33 180  43 -76 342  47 257 5.1  75.39 -0.41712  0.01490  0.40223  0.07542 -0.02098 -0.05734  8.5 120.37 22.43  40.7
201009301956 2010/09/30 19:56:01 121.79 24.87  96 243  37  66  92  56 107 4.2  68.45  0.02427 -0.01517 -0.00910  0.00847 -0.00785 -0.00269 77.3 121.82 24.83  96.6
201010021923 2010/10/02 19:23:13 121.74 24.33  20  74  38 -11 173  82 231 4.5  83.88 -0.01157 -0.00438  0.01594 -0.01602  0.04531  0.03495 26.0 121.80 24.36  19.4
201010120643 2010/10/12 06:43:27 122.01 24.96 114 261  51  65 116  44 116 3.9  62.45  0.00756 -0.00936  0.00180 -0.00128 -0.00191  0.00181 28.7 122.07 24.90 119.3
201010190719 2010/10/19 07:19:13 120.97 22.67   6 107  82 141 203  51   9 3.7  64.58  0.00030 -0.00195  0.00166  0.00218 -0.00179 -0.00252 39.4 121.02 22.62   7.7
201205300725 2012/05/30 07:25:41 121.02 23.20  10 172  80   0 262  89 189 4.2  78.80 -0.00316  0.00690 -0.00374  0.00365 -0.00007 -0.02060 27.6 121.01 23.21   6.6
201010291527 2010/10/29 15:27:42 121.69 24.24  18  46  75  90 223  14  87 4.2  81.28  0.00768 -0.00406 -0.00361  0.01575  0.01521 -0.01250 59.1 121.73 24.23  16.1
201011181814 2010/11/18 18:14:11 121.79 24.60   8  70  69 -72 208  27 231 3.9  67.60 -0.00578  0.00368  0.00210 -0.00649 -0.00147  0.00415  9.0 121.85 24.55   9.2
201011121539 2010/11/12 15:39:01 120.57 22.12  33 205  75   0 296  89 194 4.8  69.11 -0.00367 -0.14155  0.14521  0.04400 -0.01971 -0.11247  2.7 120.61 22.19  38.0
201405210021 2014/05/21 00:21:14 121.43 23.75  20  79  48 122 215  50  58 5.6  80.39  2.07633 -1.69236 -0.38398  0.38868 -0.73035 -1.45398 14.8 121.45 23.74  18.0
201012070246 2010/12/07 02:46:14 121.38 22.93  45 138  69 -45 247  48 208 4.6  82.68 -0.04235  0.07817 -0.03582 -0.02075  0.03522 -0.03296 40.1 121.37 22.96  40.5
201102010816 2011/02/01 08:16:25 122.06 24.19  22 201  78 -80 339  14 229 5.3  71.41 -0.43187  0.04195  0.38992  0.38530  0.81162 -0.05656 25.0 121.80 24.21  18.3
201112041013 2011/12/04 10:13:05 122.06 24.69  54  70  38 165 172  81  52 4.3  77.14  0.00886  0.00385 -0.01271  0.00943 -0.02695 -0.01989 17.8 122.05 24.66  62.8
201103020649 2011/03/02 06:49:29 121.79 24.06  14  23  51  59 246  47 122 3.7  62.16  0.00310 -0.00149 -0.00160 -0.00038  0.00082 -0.00304 49.1 121.71 24.12   8.3
201103182156 2011/03/18 21:56:44 122.01 24.51  18 136  56 -29 244  65 217 3.9  72.21 -0.00282  0.00603 -0.00321  0.00182  0.00587 -0.00203 60.9 121.94 24.48  18.4
201206060108 2012/06/06 01:08:36 121.47 22.40  26   3  50  11 266  81 140 5.7  66.62  0.51771 -0.08950 -0.42821 -2.35560  0.60723 -2.74433 24.2 121.42 22.44  18.4
201103300422 2011/03/30 04:22:32 121.47 23.92  20  72  44 112 221  49  68 4.5  84.17  0.05091 -0.03627 -0.01464  0.00484 -0.01530 -0.02465 10.6 121.48 23.94  19.2
201103232027 2011/03/23 20:27:38 120.66 22.58  36 156  88 102 253  12   7 3.8  70.37  0.00027 -0.00095  0.00068  0.00253 -0.00575  0.00115  5.2 120.68 22.55  36.3
201104300835 2011/04/30 08:35:39 121.79 24.69  66 328  73   1 238  88 163 4.9  77.75  0.05709  0.14600 -0.20309 -0.03740 -0.04424 -0.09380 51.3 121.81 24.65  75.0
201105031552 2011/05/03 15:52:34 121.74 23.97  45  45  19 117 196  72  80 4.7  83.27  0.05954 -0.00282 -0.05672 -0.02671 -0.09515 -0.04138 25.1 121.71 23.93  41.2
201306261019 2013/06/26 10:19:17 121.88 24.78  12 241  59 -58  11  42 229 4.0  66.13 -0.00826  0.00192  0.00634  0.00398  0.00137  0.00942 61.4 121.87 24.79  10.0
201105300509 2011/05/30 05:09:52 121.07 22.80  10  98  79 149 194  60  12 3.8  64.66  0.00060 -0.00204  0.00144  0.00257 -0.00175 -0.00436 24.1 121.04 22.76   7.3
201106021808 2011/06/02 18:08:53 120.71 23.61  16 275  87 145   6  55   2 3.6  87.14  0.00018 -0.00066  0.00047 -0.00180  0.00024 -0.00262  3.2 120.70 23.59  16.2
201306020543 2013/06/02 05:43:06 121.02 23.83  16  32  26 107 193  65  81 6.0  65.23 10.02296 -1.98898 -8.03398 -0.98174 -8.24352 -3.35727 12.5 120.97 23.86  14.5
201106300238 2011/06/30 02:38:12 120.71 22.98  26 293  54 -12  30  79 216 3.5  74.80 -0.00045  0.00174 -0.00130 -0.00034 -0.00134  0.00107  7.4 120.69 22.96  21.1
201107031230 2011/07/03 12:30:44 121.92 24.69  66  58  26 148 177  76  66 4.4  81.68  0.01344  0.00682 -0.02025  0.00101 -0.03017 -0.01396 35.0 121.90 24.67  68.0
201107200612 2011/07/20 06:12:15 122.68 24.28  26   2  78  55 256  35 160 4.6  60.17  0.02594  0.00106 -0.02699  0.00080  0.06380 -0.04925 23.0 122.29 24.10  24.4
201108311122 2011/08/31 11:22:32 120.89 21.67  26  58  58  87 243  31  94 4.8  68.56  0.15674 -0.12375 -0.03299  0.06954  0.04744 -0.07531  9.9 120.98 21.78  29.5
201110091554 2011/10/09 15:54:26 120.97 22.53  16  87  48 154 194  71  44 4.2  77.74  0.00900 -0.00686 -0.00214 -0.00038 -0.01035 -0.01486 30.3 120.98 22.51  15.9
201111060936 2011/11/06 09:36:37 120.39 23.30  10 139  62   2  47  87 152 3.6  61.53  0.00019  0.00212 -0.00231  0.00084  0.00078 -0.00030 12.0 120.33 23.25   9.9
