201405041243 2014/05/04 12:43:36 121.65 23.92  42   7  84  70 262  20 164 4.8  81.91  0.02961 -0.01148 -0.01814  0.01678  0.16321 -0.06261  5.0 121.74 23.92  34.0
201211100222 2012/11/10 02:22:32 120.84 22.67  12 206  57 -37 318  59 219 3.8  74.02 -0.00390 -0.00333  0.00723  0.00170 -0.00005 -0.00147 54.7 120.87 22.64   7.2
201112020055 2011/12/02 00:55:26 121.29 23.02  18  23  49  78 220  41 103 4.6  79.92  0.08165 -0.02706 -0.05459 -0.00643  0.01732 -0.02901 26.0 121.33 23.01  21.1
201112051230 2011/12/05 12:30:44 121.29 23.39  18  78  49 133 203  56  50 4.2  77.84  0.01665 -0.01143 -0.00522  0.00503 -0.00966 -0.01404  4.4 121.29 23.37  12.6
201112141112 2011/12/14 11:12:51 121.79 23.88  45  31  32  94 205  58  87 4.0  72.20  0.01000 -0.00041 -0.00960 -0.00236 -0.00519 -0.00692 45.0 121.80 23.85  41.9
201201180636 2012/01/18 06:36:49 122.06 24.83  10 246  22 -86  63  67 268 3.8  69.14 -0.00260  0.00345 -0.00085 -0.00337 -0.00168  0.00268 67.5 122.09 24.91  12.2
201201180657 2012/01/18 06:57:04 120.61 23.52  10  47  27 128 185  68  71 3.7  73.68  0.00226 -0.00022 -0.00205  0.00015 -0.00244 -0.00121  0.4 120.62 23.51   9.1
201204272108 2012/04/27 21:08:18 120.71 22.75  26 147  74 100 292  19  56 4.0  87.43  0.00563 -0.00363 -0.00200  0.00388 -0.00745  0.00238 19.8 120.73 22.73  24.0
201202040254 2012/02/04 02:54:23 122.64 24.78 114 210  41 -16 312  78 229 4.9  64.48 -0.05400 -0.09978  0.15378  0.17602 -0.04786 -0.00771 61.5 122.66 24.67 116.2
201202051625 2012/02/05 16:25:13 121.02 22.44  18 176  19  17  69  84 108 4.5  72.14  0.00378 -0.00361 -0.00016  0.04467  0.02421 -0.02574 60.2 121.05 22.40  13.4
201205240320 2012/05/24 03:20:55 121.88 24.28  12  52  89 110 143  20   1 3.5  65.75 -0.00014  0.00056 -0.00042  0.00107  0.00117 -0.00051 56.4 121.82 24.31  13.9
201302170132 2013/02/17 01:32:07 121.43 24.33  12 213  73 -34 315  56 200 4.2  71.92 -0.01056 -0.01314  0.02371  0.00215  0.00678 -0.00186 79.7 121.45 24.32   6.3
201206092100 2012/06/09 21:00:19 122.32 24.51  72  38  24 151 154  78  68 6.0  73.82  4.71040  1.26663 -5.97703  5.88394 -8.09505 -1.87034 31.1 122.31 24.46  69.9
201206130822 2012/06/13 08:22:21 121.25 24.74   2  25  81 -35 121  55 189 4.2  77.26 -0.00345 -0.01425  0.01770 -0.00855 -0.01037 -0.01045  5.6 121.26 24.76  10.2
201208311211 2012/08/31 12:11:39 120.89 24.74  10  13  89 -11 103  78 180 4.2  74.83  0.00052 -0.01103  0.01051 -0.00135 -0.00465 -0.02106  4.7 120.88 24.72  10.0
201209242157 2012/09/24 21:57:34 121.29 22.84  22 255  61 129  15  47  40 4.3  68.91  0.02137 -0.01014 -0.01124 -0.01843  0.01039 -0.01756 39.5 121.29 22.86  17.5
201210200849 2012/10/20 08:49:39 122.55 24.51  72 166  77  95 323  13  67 4.4  65.59  0.01207  0.01028 -0.02236  0.01054 -0.04034  0.01315 54.7 122.45 24.42  78.8
201211281943 2012/11/28 19:43:52 120.66 23.39  12  37  41 111 190  51  72 3.7  90.37  0.00330 -0.00053 -0.00277  0.00058 -0.00087 -0.00127  9.9 120.65 23.39  11.4
201211290312 2012/11/29 03:12:55 121.29 22.71  78 146  74 112 268  27  34 4.3  64.29  0.01568 -0.01634  0.00066  0.01037 -0.02393  0.00968 16.7 121.29 22.69  88.2
201301070649 2013/01/07 06:49:07 122.86 24.56  66 188  44 138 310  62  53 5.1  73.22  0.37206  0.09103 -0.46308 -0.26720  0.06258  0.25396 16.5 122.84 24.48  69.4
201303070336 2013/03/07 03:36:47 121.43 24.28  12 202  69 -36 306  56 204 5.3  71.29 -0.49551 -0.51831  1.01383  0.17871  0.29281 -0.39669 57.5 121.46 24.30   5.6
201303171353 2013/03/17 13:53:20 120.97 23.70  20  26  30 107 187  60  80 4.0  89.23  0.00874 -0.00013 -0.00861  0.00010 -0.00558 -0.00277  8.0 120.93 23.68  12.3
201305162115 2013/05/16 21:15:27 120.93 23.20   6 143  55 -77 301  36 252 3.5  73.20 -0.00171  0.00093  0.00078 -0.00028  0.00066 -0.00123 29.6 120.95 23.21   5.8
201307141924 2013/07/14 19:24:29 120.93 23.02   8 167  59 -66 306  38 236 4.1  66.41 -0.01399  0.00247  0.01152  0.00117  0.00813 -0.00947 16.4 120.91 22.97   1.7
201309010228 2013/09/01 02:28:07 120.75 23.30  18  27  51  91 205  38  88 3.7  66.67  0.00380 -0.00066 -0.00314  0.00048  0.00081 -0.00164  7.6 120.74 23.29  13.6
201311110455 2013/11/11 04:55:17 122.96 24.74 102 205  51  33  93  64 136 4.7  64.75  0.06072 -0.06621  0.00549  0.05060 -0.04482 -0.06813 15.8 123.23 24.64 103.0
201312242029 2013/12/24 20:29:16 121.25 22.62  66  79  70 147 181  59  22 4.3  62.44  0.00897 -0.00035 -0.00862  0.01706 -0.00935 -0.02523 26.1 121.22 22.63  57.8
201401141838 2014/01/14 18:38:13 121.02 22.93  10 108  87 161 199  71   2 4.5  62.73  0.00055 -0.03667  0.03611  0.01749 -0.00883 -0.04585  3.4 121.13 22.86   8.0
201402111631 2014/02/11 16:31:01 121.56 25.14   8  34  65 -33 139  59 208 3.9  66.75 -0.00298 -0.00392  0.00690 -0.00287 -0.00077 -0.00050 15.9 121.58 25.14   6.3
201402151614 2014/02/15 16:14:18 120.66 23.07  18 173  55  93 347  35  84 3.9  79.58  0.00822 -0.00142 -0.00681 -0.00008 -0.00284  0.00099 29.0 120.69 23.07  17.7
201403152004 2014/03/15 20:04:38 121.51 22.17  20 273  86 113  10  23   7 4.7  64.31  0.01962 -0.01020 -0.00942 -0.12716  0.02400 -0.05563 29.5 121.36 22.23  13.2
